# 上海市第九人民医院 整复外科 医生ID列表
# 来源：https://www.haodf.com/hospital/422/keshi/1479/tuijian.html
# 共6页，第7页开始重复

# 第1页
74783
12903
12909
12902
12904
12888
12916
74788
12921
12912
12908
12920
12886
12898
12892
12915
12913
12887
12891
12896

# 第2页
5338793745
1727158911
2615613840
6964370000
6964450093
9032481926
2646121646
12905
12907
2308566520
12893
6251457435
6964511846
6493390179
6964473340
9032061598
74805
9032124419
251146
599858232

# 第3页
6964620113
12885
12924
12919
12889
12900
12906
12923
102763
277335
1188400606
9032242677
12914
74781
9032433023
9031930062
9032126380
242332
249037
251135

# 第4页
259804
163286
12899
12910
243262
4068024761
9032286023
4141571321
12895
201795
1852632567
5319048016
5609787312
140886
248578
2377165148
6964363201
9032385417
12911
12925

# 第5页
74839
275310
2487990807
5715021634
12897
221732
4435176229
12917
12894
193851
4698446796
6964619890
9032284456
272711
9032436325
275463
281666
5609639793
6964416882
6964576239

# 第6页
264583
1397836523
224334
1179732367
241727
1794352050
227108
150380
9032126891
9032124695
2293626665
653101277
6964423357
599861002
6414819744
19480
1494907580
1825229183
9032289315
6964554219
